-1.500000 0.500000 126 
-1.400000 1.100000 166 
-1.300000 0.800000 156 
-1.200000 0.600000 137 
-1.100000 1.200000 167 
-1.000000 1.000000 162 
-0.900000 1.400000 170 
-0.800000 0.900000 157 
-0.700000 1.200000 166 
-0.600000 0.700000 136 
-0.500000 0.900000 155 
-0.400000 1.400000 169 
-0.300000 0.800000 141 
-0.200000 1.200000 164 
-0.100000 1.000000 154 
0.000000 1.200000 163 
0.100000 1.200000 163 
0.200000 1.000000 124 
0.300000 1.100000 158 
0.400000 1.300000 165 
0.500000 1.300000 165 
0.600000 1.200000 162 
0.700000 1.200000 162 
0.800000 1.000000 144 
0.900000 1.400000 167 
1.000000 1.400000 167 
1.100000 1.300000 164 
1.200000 1.300000 164 
1.300000 1.100000 154 
1.400000 1.200000 160 
1.500000 1.400000 166 
