-1.500000 1.400000 169 
-1.400000 1.300000 167 
-1.300000 0.900000 152 
-1.200000 0.800000 141 
-1.100000 0.800000 139 
-1.000000 1.100000 161 
-0.900000 1.000000 157 
-0.800000 1.200000 164 
-0.700000 1.200000 164 
-0.600000 1.100000 160 
-0.500000 1.100000 160 
-0.400000 1.000000 154 
-0.300000 1.300000 166 
-0.200000 1.400000 168 
-0.100000 1.400000 168 
0.000000 1.200000 163 
0.100000 1.300000 165 
0.200000 1.000000 144 
0.300000 1.300000 164 
0.400000 1.400000 166 
0.500000 1.400000 132 
0.700000 1.400000 165 
0.800000 1.400000 164 
0.900000 1.400000 152
1.000000 1.000000 135
1.100000 1.000000 135
1.200000 1.000000 135 
1.300000 1.000000 135
1.400000 1.000000 135
1.500000 1.000000 135