-1.500000 1.300000 168 
-1.400000 1.100000 164 
-1.300000 0.800000 149 
-1.200000 0.700000 136 
-1.100000 1.000000 160 
-1.000000 0.800000 145 
-0.900000 1.100000 163 
-0.800000 1.400000 169 
-0.700000 0.800000 113 
-0.600000 0.800000 141 
-0.500000 1.100000 161
-0.400000 1.200000 164 
-0.300000 1.000000 156 
-0.200000 1.000000 154 
-0.100000 1.400000 168 
0.000000 1.200000 163 
0.100000 1.000000 123 
0.200000 1.300000 165 
0.300000 1.000000 148 
0.400000 1.000000 138 
0.500000 1.400000 167 
0.600000 1.300000 164 
0.700000 1.200000 160 
0.800000 1.400000 166 
0.900000 1.200000 158
1.000000 1.400000 132 
1.100000 1.200000 146
1.200000 1.200000 151
1.300000 1.300000 161
1.400000 1.400000 165 
1.500000 1.300000 157 
